0 0.0
1 -2.4492935982947065e-15
2 -4.898587196589413e-15
3 -7.347880794884118e-15
4 -9.797174393178826e-15
5 -1.2246467991473532e-14
6 -1.4695761589768237e-14
7 -1.7145055188062946e-14
8 -1.9594348786357652e-14
9 -2.2043642384652358e-14
10 -2.4492935982947064e-14
11 -9.799650315725178e-14
12 -2.9391523179536473e-14
13 3.921345679817883e-14
14 -3.429011037612589e-14
15 -1.0779367755043061e-13
16 -3.9188697572715304e-14
17 2.941628240500001e-14
18 -4.4087284769304716e-14
19 -1.1759085194360943e-13
20 -4.898587196589413e-14
21 1.9619108011821187e-14
22 -1.9599300631450355e-13
23 -1.2738802633678826e-13
24 -5.878304635907295e-14
25 9.82193361864236e-15
26 7.842691359635766e-14
27 -1.371852007299671e-13
28 -6.858022075225178e-14
29 2.475922546353431e-17
30 -2.1558735510086123e-13
31 -1.469823751231459e-13
32 -7.837739514543061e-14
33 -9.772415167715291e-15
34 5.883256481000002e-14
35 -1.5677954951632475e-13
36 -8.817456953860943e-14
37 -1.9569589560894117e-14
38 -2.3518170388721885e-13
39 -1.6657672390950356e-13
40 -9.797174393178826e-14
41 -3.13583858258113e-13
42 3.9238216023642374e-14
43 -1.763738983026824e-13
44 -3.919860126290071e-13
45 -3.9163938347251766e-14
46 -2.547760526735765e-13
47 9.804602160817887e-14
48 -1.175660927181459e-13
49 -3.331782070444707e-13
50 1.964386723728472e-14
51 -1.9596824708904002e-13
52 1.5685382719271532e-13
53 -5.875828713360942e-14
54 -2.743704014599342e-13
55 7.84516728218212e-14
56 -1.3716044150450357e-13
57 -3.5277255583082833e-13
58 4.951845092706862e-17
59 -2.155625958753977e-13
60 -4.3117471020172245e-13
61 -7.835263591996706e-14
62 -2.939647502462918e-13
63 5.885732403546355e-14
64 -1.5675479029086122e-13
65 -3.7236690461718595e-13
66 -1.9544830335430582e-14
67 -2.351569446617553e-13
68 1.1766512962000005e-13
69 -9.794698470632473e-14
70 -3.135590990326495e-13
71 3.92629752491059e-14
72 -1.7634913907721887e-13
73 -3.919612534035436e-13
74 -3.9139179121788235e-14
75 -2.54751293448113e-13
76 -4.703634077744377e-13
77 -1.1754133349268239e-13
78 -3.331534478190071e-13
79 1.9668626462748253e-14
80 -1.9594348786357651e-13
81 -4.1155560218990125e-13
82 -6.27167716516226e-13
83 2.9408854637360953e-13
84 7.847643204728475e-14
85 -1.3713568227904e-13
86 -3.527477966053648e-13
87 -5.683599109316896e-13
88 -7.839720252580142e-13
89 1.3728423763182123e-13
90 -7.832787669450353e-14
91 -2.939399910208283e-13
92 -5.09552105347153e-13
93 -7.251642196734778e-13
94 1.9609204321635773e-13
95 -1.9520071109967048e-14
96 -2.351321854362918e-13
97 -4.5074429976261655e-13
98 -6.663564140889414e-13
99 2.548998488008942e-13
100 3.928773447456944e-14
101 -1.7632437985175533e-13
102 -3.9193649417808004e-13
103 -6.075486085044049e-13
104 3.1370765438543064e-13
105 9.809554005910592e-14
106 -1.1751657426721883e-13
107 -3.3312868859354364e-13
108 -5.487408029198684e-13
109 -7.643529172461932e-13
110 1.569033456436424e-13
111 -5.870876868268235e-14
112 -2.7432088300900714e-13
113 -4.899329973353319e-13
114 -7.055451116616567e-13
115 2.157111512281789e-13
116 9.903690185413724e-17
117 -2.1551307742447063e-13
118 -4.311251917507954e-13
119 -6.467373060771201e-13
120 -8.623494204034449e-13
121 5.890684248639063e-14
122 -1.5670527183993413e-13
123 -3.7231738616625894e-13
124 -5.879295004925836e-13
125 -8.035416148189084e-13
126 1.177146480709271e-13
127 -9.789746625539765e-14
128 -3.1350958058172243e-13
129 -5.291216949080471e-13
130 -7.447338092343719e-13
131 1.765224536554636e-13
132 -3.9089660670861165e-14
133 -2.5470177499718593e-13
134 -4.703138893235106e-13
135 -6.859260036498355e-13
136 2.353302592400001e-13
137 1.971814491367532e-14
138 -1.9589396941264945e-13
139 -4.115060837389742e-13
140 -6.27118198065299e-13
141 -8.427303123916238e-13
142 7.85259504982118e-14
143 -1.3708616382811295e-13
144 -3.5269827815443773e-13
145 -5.683103924807625e-13
146 -7.839225068070872e-13
147 1.373337560827483e-13
148 -7.827835824357647e-14
149 -2.9389047256990123e-13
150 -5.09502586896226e-13
151 -7.251147012225507e-13
152 -9.407268155488754e-13
153 -1.947055265903998e-14
154 -2.3508266698536477e-13
155 -4.506947813116895e-13
156 -6.663068956380142e-13
157 -8.81919009964339e-13
158 3.933725292549651e-14
159 -1.7627486140082825e-13
160 -3.9188697572715303e-13
161 -6.074990900534777e-13
162 -8.231112043798025e-13
163 -1.0387233187061273e-12
164 -1.254335433032452e-12
165 -1.4699475473587768e-12
166 5.881770927472191e-13
167 3.7256497842089425e-13
168 1.569528640945695e-13
169 -5.865925023175529e-14
170 -2.7427136455808e-13
171 -4.898834788844048e-13
172 -7.054955932107296e-13
173 -9.211077075370544e-13
174 -1.1367198218633791e-12
175 -1.3523319361897038e-12
176 -1.5679440505160284e-12
177 4.901805895899672e-13
178 2.7456847526364245e-13
179 5.89563609373177e-14
180 -1.5665575338900706e-13
181 -3.722678677153318e-13
182 -5.878799820416566e-13
183 -8.034920963679813e-13
184 -1.019104210694306e-12
185 -1.2347163250206308e-12
186 -1.4503284393469556e-12
187 6.077962007590402e-13
188 3.9218408643271546e-13
189 1.7657197210639068e-13
190 -3.9040142219934095e-14
191 -2.5465225654625887e-13
192 -4.702643708725836e-13
193 -6.858764851989083e-13
194 -9.014885995252331e-13
195 -1.117100713851558e-12
196 -1.3327128281778828e-12
197 -1.5483249425042075e-12
198 5.097996976017884e-13
199 2.941875832754636e-13
200 7.857546894913887e-14
201 -1.3703664537718588e-13
202 -3.5264875970351067e-13
203 -5.682608740298354e-13
204 -7.838729883561601e-13
205 -9.99485102682485e-13
206 -1.2150972170088098e-12
207 -1.4307093313351345e-12
208 6.274153087708613e-13
209 4.118031944445366e-13
210 1.9619108011821183e-13
211 -1.9421034208112908e-14
212 -2.3503314853443766e-13
213 -4.506452628607624e-13
214 -6.662573771870873e-13
215 -8.818694915134119e-13
216 -1.0974816058397368e-12
217 -1.3130937201660615e-12
218 -1.5287058344923863e-12
219 5.294188056136096e-13
220 3.138066912872848e-13
221 9.819457696096006e-14
222 -1.174175373653647e-13
223 -3.3302965169168946e-13
224 -5.486417660180143e-13
225 -7.642538803443389e-13
226 -9.798659946706638e-13
227 -1.1954781089969884e-12
228 -1.4110902233233133e-12
229 -1.626702337649638e-12
230 4.314223024563578e-13
231 2.1581018813003304e-13
232 1.9807380370827447e-16
233 -2.1541404052261648e-13
234 -4.3102615484894126e-13
235 -6.466382691752659e-13
236 -8.622503835015908e-13
237 -1.0778624978279154e-12
238 -1.2934746121542403e-12
239 -1.509086726480565e-12
240 -1.7246988408068898e-12
241 3.33425799299106e-13
242 1.1781368497278126e-13
243 -9.779842935354351e-14
244 -3.1341054367986826e-13
245 -5.29022658006193e-13
246 -7.446347723325179e-13
247 -9.602468866588426e-13
248 -1.1758590009851673e-12
249 -1.391471115311492e-12
250 -1.6070832296378168e-12
251 4.5104141046817903e-13
252 2.354292961418542e-13
253 1.981718181552946e-14
254 -1.957949325107953e-13
255 -4.114070468371201e-13
256 -6.270191611634449e-13
257 -8.426312754897696e-13
258 -1.0582433898160943e-12
259 -1.273855504142419e-12
260 -1.4894676184687438e-12
261 -1.7050797327950687e-12
262 3.530449073109272e-13
263 1.3743279298460242e-13
264 -7.817932134172233e-14
265 -2.937914356680471e-13
266 -5.094035499943719e-13
267 -7.250156643206966e-13
268 -9.406277786470213e-13
269 -1.1562398929733461e-12
270 -1.371852007299671e-12
271 -1.5874641216259959e-12
272 4.706605184800002e-13
273 2.550484041536754e-13
274 3.943628982735064e-14
275 -1.7617582449897414e-13
276 -3.917879388252989e-13
277 -6.074000531516236e-13
278 -8.230121674779484e-13
279 -1.0386242818042731e-12
280 -1.254236396130598e-12
281 -1.4698485104569226e-12
282 -1.6854606247832475e-12
283 3.726640153227484e-13
284 1.570519009964236e-13
285 -5.856021332990115e-14
286 -2.741723276562259e-13
287 -4.897844419825506e-13
288 -7.053965563088755e-13
289 -9.210086706352001e-13
290 -1.136620784961525e-12
291 -1.3522328992878498e-12
292 -1.5678450136141745e-12
293 -1.7834571279404992e-12
294 2.746675121654966e-13
295 5.905539783917183e-14
296 -1.5655671648715294e-13
297 -3.721688308134777e-13
298 -5.877809451398025e-13
299 -8.033930594661272e-13
300 -1.019005173792452e-12
301 -1.2346172881187766e-12
302 -1.4502294024451015e-12
303 -1.6658415167714264e-12
304 -1.881453631097751e-12
305 1.766710090082448e-13
306 -3.894110531807996e-14
307 -2.5455321964440474e-13
308 -4.701653339707295e-13
309 -6.857774482970542e-13
310 -9.01389562623379e-13
311 -1.1170016769497038e-12
312 -1.3326137912760285e-12
313 -1.5482259056023531e-12
314 -1.763838019928678e-12
315 2.942866201773178e-13
316 7.867450585099301e-14
317 -1.3693760847533173e-13
318 -3.525497228016565e-13
319 -5.681618371279813e-13
320 -7.837739514543061e-13
321 -9.993860657806308e-13
322 -1.2149981801069555e-12
323 -1.4306102944332803e-12
324 -1.646222408759605e-12
325 -1.8618345230859297e-12
326 -2.0774466374122545e-12
327 -1.9321997306258772e-14
328 -2.508670866064904e-12
329 -4.505462259589083e-13
330 -2.9398950947175535e-12
331 -8.817704546115578e-13
332 1.1763541854944381e-12
333 -1.3129946832642071e-12
334 7.451299568417885e-13
335 -1.744218911916857e-12
336 3.13905728189139e-13
337 -2.1754431405695066e-12
338 -1.1731850046351058e-13
339 -2.606667369222156e-12
340 -5.4854272911616e-13
341 -3.037891597874805e-12
342 -9.797669577688097e-13
343 1.0783576823371863e-12
344 -1.4109911864214592e-12
345 6.471334536845368e-13
346 -1.842215415074109e-12
347 2.159092250318872e-13
348 -2.2734396437267582e-12
349 -2.1531500362076238e-13
350 -2.7046638723794075e-12
351 -6.465392322734118e-13
352 -3.135888101032057e-12
353 -1.0777634609260613e-12
354 9.803611791799344e-13
355 -1.508987689578711e-12
356 5.491369505272849e-13
357 -1.9402119182313605e-12
358 1.179127218746354e-13
359 -2.37143614688401e-12
360 -3.1331150677801413e-13
361 -2.802660375536659e-12
362 -7.445357354306636e-13
363 1.313588904675332e-12
364 -1.1757599640833132e-12
365 8.823646760226826e-13
366 -1.6069841927359627e-12
367 4.511404473700331e-13
368 -2.038208421388612e-12
369 1.99162187173836e-14
370 -2.4694326500412615e-12
371 -4.1130800993526593e-13
372 -2.9006568786939112e-12
373 -8.425322385879155e-13
374 1.2155924015180804e-12
375 -1.273756467240565e-12
376 7.843681728654309e-13
377 -1.7049806958932145e-12
378 3.5314394421278135e-13
379 -2.136204924545864e-12
380 -7.808028443986819e-14
381 -2.567429153198514e-12
382 -5.093045130925177e-13
383 -2.9986533818511633e-12
384 -9.405287417451671e-13
385 1.1175958983608286e-12
386 -1.3717529703978167e-12
387 6.863716697081791e-13
388 -1.8029771990504662e-12
389 2.5514744105552955e-13
390 -2.234201427703116e-12
391 -1.7607678759711997e-13
392 -2.6654256563557656e-12
393 -6.073010162497696e-13
394 -3.096649885008415e-12
395 -1.038525244902419e-12
396 1.0195993952035767e-12
397 -1.4697494735550685e-12
398 5.883751665509272e-13
399 -1.900973702207718e-12
400 1.5715093789827775e-13
401 -2.3321979308603676e-12
402 -2.7407329075437177e-13
403 -2.7634221595130173e-12
404 -7.052975194070213e-13
405 -3.194646388165667e-12
406 -1.1365217480596709e-12
407 9.21602892046325e-13
408 -1.5677459767123202e-12
409 4.903786633936755e-13
410 -1.99897020536497e-12
411 5.915443474102596e-14
412 -2.4301944340176196e-12
413 -3.7206979391162357e-13
414 -2.861418662670269e-12
415 -8.032940225642731e-13
416 1.2548306175417225e-12
417 -1.2345182512169227e-12
418 8.236063888890732e-13
419 -1.6657424798695722e-12
420 3.9238216023642366e-13
421 -2.096966708522222e-12
422 -3.8842068416225816e-14
423 -2.5281909371748713e-12
424 -4.700662970688753e-13
425 -2.9594151658275206e-12
426 -9.012905257215248e-13
427 1.1568341143844709e-12
428 -1.3325147543741746e-12
429 7.256098857318214e-13
430 -1.7637389830268239e-12
431 2.943856570791719e-13
432 -2.1949632116794736e-12
433 -1.368385715734776e-13
434 -2.626187440332123e-12
435 -5.680628002261271e-13
436 -3.0574116689847726e-12
437 -9.992870288787767e-13
438 1.0588376112272192e-12
439 -1.4305112575314262e-12
440 6.276133825745696e-13
441 -1.8617354861840755e-12
442 1.963891539219201e-13
443 -2.2929597148367252e-12
444 -2.348350747307294e-13
445 -2.724183943489375e-12
446 -6.660593033833789e-13
447 -3.1554081721420243e-12
448 -1.0972835320360285e-12
449 9.608411080699674e-13
450 -1.5285077606886779e-12
451 5.296168794173179e-13
452 -1.9597319893413276e-12
453 9.839265076466835e-14
454 -2.390956217993977e-12
455 -3.3283157788798116e-13
456 -2.8221804466466266e-12
457 -7.640558065406307e-13
458 -3.253404675299276e-12
459 -1.1952800351932802e-12
460 8.628446049127156e-13
461 -1.6265042638459297e-12
462 4.316203762600661e-13
463 -2.0577284924985792e-12
464 3.9614760741654894e-16
465 -2.4889527211512285e-12
466 -4.3082808104523296e-13
467 -2.9201769498038783e-12
468 -8.620523096978825e-13
469 -3.351401178456528e-12
470 -1.2932765383505318e-12
471 7.648481017554638e-13
472 -1.7245007670031816e-12
473 3.336238731028143e-13
474 -2.155724995655831e-12
475 -9.760035554983524e-14
476 -2.5869492243084806e-12
477 -5.288245842024848e-13
478 -3.01817345296113e-12
479 -9.600488128551344e-13
480 -3.4493976816137796e-12
481 -1.3912730415077837e-12
482 6.66851598598212e-13
483 -1.8224972701604332e-12
484 2.356273699455625e-13
485 -2.253721498813083e-12
486 -1.9559685870708702e-13
487 -2.6849457274657322e-12
488 -6.268210873597365e-13
489 -3.1161699561183816e-12
490 -1.058045316012386e-12
491 1.0000793240936097e-12
492 -1.4892695446650357e-12
493 5.688550954409603e-13
494 -1.9204937733176853e-12
495 1.3763086678831072e-13
496 -2.3517180019703346e-12
497 -2.9359336186433885e-13
498 -2.782942230622984e-12
499 -7.248175905169883e-13
500 -3.2141664592756336e-12
501 -1.1560418191696379e-12
502 9.020828209363581e-13
503 -1.5872660478222874e-12
504 4.708585922837084e-13
505 -2.018490276474937e-12
506 3.963436363105892e-14
507 -2.4497145051275862e-12
508 -3.915898650215906e-13
509 -2.880938733780236e-12
510 -8.228140936742402e-13
511 -3.3121629624328853e-12
512 -1.2540383223268897e-12
513 8.040863177791062e-13
514 -1.6852625509795393e-12
515 3.7286208912645663e-13
516 -2.1164867796321886e-12
517 -5.836213952619287e-14
518 -2.547711008284838e-12
519 -4.895863681788423e-13
520 -2.9789352369374876e-12
521 -9.208105968314919e-13
522 -3.4101594655901373e-12
523 -1.3520348254841414e-12
524 7.060898146218544e-13
525 -1.783259054136791e-12
526 2.7486558596920483e-13
527 -2.2144832827894406e-12
528 -1.5635864268344466e-13
529 -2.6457075114420903e-12
530 -5.875828713360942e-13
531 -3.0769317400947397e-12
532 -1.0188070999887437e-12
533 -3.5081559687473894e-12
534 -1.4500313286413932e-12
535 6.080933114646027e-13
536 -1.8812555572940426e-12
537 1.7686908281195308e-13
538 -2.3124797859466923e-12
539 -2.5435514584069644e-13
540 -2.743704014599342e-12
541 -6.855793744933461e-13
542 -3.1749282432519917e-12
543 -1.1168036031459956e-12
544 9.413210369600004e-13
545 -1.5480278317986449e-12
546 5.100968083073508e-13
547 -1.9792520604512946e-12
548 7.887257965470128e-14
549 -2.4104762891039443e-12
550 -3.523516489979483e-13
551 -2.8417005177565936e-12
552 -7.835758776505978e-13
553 -3.2729247464092434e-12
554 -1.2148001063032472e-12
555 8.433245338027485e-13
556 -1.6460243349558967e-12
557 4.12100305150099e-13
558 -2.0772485636085463e-12
559 -1.91239235025505e-14
560 -2.508472792261196e-12
561 -4.5034815215520004e-13
562 -2.9396970209138453e-12
563 -8.815723808078496e-13
564 -3.370921249566495e-12
565 -1.3127966094604993e-12
566 7.453280306454968e-13
567 -1.7440208381131486e-12
568 3.141038019928472e-13
569 -2.1752450667657983e-12
570 -1.171204266598023e-13
571 -2.6064692954184476e-12
572 -5.483446553124518e-13
573 -3.0376935240710973e-12
574 -9.795688839651012e-13
575 -3.4689177527237467e-12
576 -1.410793112617751e-12
577 6.473315274882449e-13
578 -1.8420173412704002e-12
579 2.1610729883559544e-13
580 -2.27324156992305e-12
581 -2.1511692981705407e-13
582 -2.7044657985756997e-12
583 -6.463411584697036e-13
584 -3.135690027228349e-12
585 -1.0775653871223533e-12
586 -3.5669142558809983e-12
587 -1.5087896157750026e-12
588 5.493350243309932e-13
589 -1.9400138444276523e-12
590 1.1811079567834367e-13
591 -2.3712380730803016e-12
592 -3.131134329743059e-13
593 -2.8024623017329513e-12
594 -7.443376616269554e-13
595 -3.2336865303856006e-12
596 -1.175561890279605e-12
597 -3.66491075903825e-12
598 -1.6067861189322544e-12
599 4.513385211737414e-13
